#TITLE:Raveyard;
#SUBTITLE:;
#ARTIST:Bailey Miller - Mind-BLOWN;
#MUSIC:MUS_BBRKZSong1.mp3;
#BANNER:;
#BACKGROUND:;
#LYRICSPATH:;
#CDTITLE:;
#SAMPLESTART:0;
#SAMPLELENGTH:10;
#OFFSET:-0.03;
#BPMS:0.000=150.000;
#STOPS:;
#TIMESIGNATURES:;
#BGCHANGES:;
#FGCHANGES:;
#ATTACKS:;
#SPEEDS:;
#SCROLLS:;
#KEYSOUNDS:;

//---------------dance-single - ---------------
#NOTES:
     dance-single:
     :
     Beginner:
     1:
     0,0,0,0,0:
// measure 0
0000
0000
0000
0000
,  // measure 1
1000
1000
1000
1000
,  // measure 2
1000
1000
1000
1000
,  // measure 3
0010
0010
0010
0010
,  // measure 4
0010
0010
0010
0010
,  // measure 5
0001
0001
0001
0001
,  // measure 6
0001
0001
0001
0001
,  // measure 7
1000
0010
0001
1000
,  // measure 8
0010
0001
0010
0000
,  // measure 9
0020
1000
0000
1000
,  // measure 10
0031
1000
0002
1003
,  // measure 11
0020
1000
0000
1000
,  // measure 12
0031
1000
0002
1003
,  // measure 13
0020
1000
0000
1000
,  // measure 14
0031
1000
0002
1003
,  // measure 15
0020
1000
0000
1000
,  // measure 16
0031
1000
0000
1000
,  // measure 17
0001
0010
0001
0000
0010
0000
0000
0001
,  // measure 18
0000
0010
0001
0000
0010
0000
0000
0000
,  // measure 19
0001
0010
0001
0000
0010
0000
0001
0000
,  // measure 20
0000
0010
0001
0000
0010
0000
0000
0000
,  // measure 21
0020
1000
0000
1000
,  // measure 22
0030
1000
0002
1003
,  // measure 23
0020
1000
0000
1000
,  // measure 24
0030
1000
0002
0003
,  // measure 25
2001
0010
0001
0000
0010
0000
0000
0001
,  // measure 26
3000
0010
0001
0000
2010
0000
3000
0000
,  // measure 27
0020
1000
0000
1000
,  // measure 28
0030
0000
0000
0000
,  // measure 29
1001
0010
1001
0000
1001
0010
1001
0000
,  // measure 30
1001
0010
1001
0000
1001
0010
1001
0000
,  // measure 31
1001
1010
1001
1000
1001
1010
1001
1000
,  // measure 32
0010
0010
0010
0010
0010
0010
0010
0010
0010
0010
0010
0010
0010
0010
0010
0010
,  // measure 33
1000
1000
0010
0000
,  // measure 34
0010
0001
0010
0000
1000
0000
0010
0000
,  // measure 35
1000
0000
0000
0010
1000
0001
0000
0010
1000
0002
0000
0000
1000
0000
0000
0000
,  // measure 36
1000
0000
1003
0000
1011
0000
1002
1000
,  // measure 37
1023
1000
1030
1000
,  // measure 38
1002
0000
1023
0000
1031
0010
1001
1010
,  // measure 39
1002
0000
0000
0000
1000
0000
0000
0000
1003
0000
0000
0000
1000
0010
0000
0010
,  // measure 40
1000
0010
0000
0000
1000
0000
0000
0000
1000
0000
0001
0000
1010
0000
1000
0000
,  // measure 41
1000
0020
1000
0000
1032
0000
1000
0000
,  // measure 42
1000
0000
0000
0000
1000
0000
0000
0000
1000
0000
0000
0000
1000
0000
1000
0003
,  // measure 43
0001
0010
1000
0001
0010
1000
0001
0010
,  // measure 44
1000
0010
0001
1000
0010
0001
1000
0010
,  // measure 45
0001
0010
1000
0001
0010
1000
0001
0010
,  // measure 46
1000
0010
0001
1000
0010
0001
1000
0010
,  // measure 47
0001
0010
1000
0001
0010
1000
0001
0010
,  // measure 48
0001
0001
0001
0001
0001
0001
0001
0001
0001
0001
0001
0001
0002
0000
0000
0000
,  // measure 49
0013
1000
0010
1000
0010
1000
0010
1000
0010
1000
0010
1000
0010
1000
0010
1000
,  // measure 50
0020
0000
0000
0000
0000
0000
0000
0000
0031
0010
2000
0000
3000
0000
0000
0000
,  // measure 51
1020
0000
0000
0000
,  // measure 52
0030
0000
0002
0000
,  // measure 53
1023
0000
0000
0000
,  // measure 54
0030
0000
0002
0000
,  // measure 55
1023
0000
0000
0000
,  // measure 56
0030
0000
0002
0000
,  // measure 57
1023
0000
0000
0000
,  // measure 58
0030
0000
0000
0000
,  // measure 59
2021
0000
0000
0000
,  // measure 60
3030
0000
0000
0000
0000
0000
1000
0010
0001
0000
0001
0000
0010
0000
1000
0000
,  // measure 61
0020
0000
0000
0000
,  // measure 62
0030
0000
0000
0000
0000
0000
0001
0010
1000
0000
0010
0000
0001
0000
0010
0000
,  // measure 63
2000
0000
0000
0000
,  // measure 64
3000
0000
0002
0020
,  // measure 65
2000
0000
0000
0000
,  // measure 66
0000
0000
0000
0000
0000
0000
0000
3033
,  // measure 67
1000
0010
0001
0010
1000
0010
0001
0010
,  // measure 68
1000
0010
0001
0010
0001
0010
1000
0010
,  // measure 69
1000
0010
0001
0010
1000
0010
0001
0010
,  // measure 70
1000
0010
0001
0010
0001
0010
0001
1000
,  // measure 71
0001
1000
0001
0010
0001
1000
0001
0010
,  // measure 72
0001
1000
0001
0010
0001
0010
1000
0010
,  // measure 73
0001
1000
0001
1000
0001
1000
0001
1000
,  // measure 74
0001
1000
0001
0010
1000
0010
1000
0010
,  // measure 75
2001
0010
0001
0010
0001
0010
0001
0010
,  // measure 76
0010
0000
0001
0000
0010
0000
3001
0000
1000
0010
0001
0010
1000
0010
0001
0010
,  // measure 77
2001
0010
0001
0010
0001
0010
0001
0010
,  // measure 78
0001
0000
0010
0000
0001
0000
3010
0000
1001
0010
0001
0010
1000
0010
0001
0010
,  // measure 79
2001
0010
0001
0010
0001
0010
0001
0010
,  // measure 80
0001
0001
0010
0001
3010
1000
0001
1000
,  // measure 81
0001
2000
0002
0000
,  // measure 82
0000
0000
0000
3003
,  // measure 83
1000
0000
1000
0000
0010
0000
0000
0010
,  // measure 84
0000
0010
0001
0000
1000
0000
0010
0000
,  // measure 85
1000
0000
1000
0000
0010
0000
0000
0010
,  // measure 86
0000
0010
0001
0000
1000
0000
0010
0000
,  // measure 87
1000
0000
1000
0000
0010
0000
0000
0010
,  // measure 88
0000
0010
0001
0000
1000
0000
0010
0000
,  // measure 89
1000
0000
1000
0000
1000
0000
0000
1000
,  // measure 90
0000
1000
0000
1000
1000
0000
0000
0000
;

